$ANSIBLE_VAULT;1.1;AES256
34323035663239383761396138623132313533653938376635623735656263396330356466363138
6138306531336132363964333634616635373664643633630a313732343834393665373664663537
38353834613537646563616630303962386463363264613564653730616634383032313265386231
3437323136306166640a343737393864646663343632356664383463366538373632336264373261
64303135653965303964353539343135373533383161393532323637623363323239656133366130
35653733396662343138313561306530623362353162613835363034316363343937373835623834
37643561346566343165356638393434666162656431623838363637646665393638306165653235
32383934323039363131663530383234306563666361323561636463333736353534353931346233
31333637326164356264653631643662623433383266366662336264326334386466396533353037
32653664383962396366626166313031343438343133363761376433343231666630393237323965
37303935616436366238656231366230343762313862333836616462636161383035663334353431
39353163356137643236323265353261663030313333643163303435343864323662343632613263
38353233616436356635663932383336303965366161353637343661316462346161303263386466
31306633396434393761643137633139663530666235393464376535343663616133343964313064
32353062646665666661346439663938663430363733316538666264306332323537646232643231
38343066346430326638396339393136333232663766626137636561663830363734363534386235
38333866323562346464326538313538303336643631653164333534356137343866346566396236
39306264613235373236333835386663333666396166303430316331653035383134396433313137
66353539646465383438316436323737373539306437366130383034663636353464336234623938
30663136613430623562386465306233396232343336656633343430373933666136623437636430
35633231633161363634633632303364376536383933663633326163393066386334383933363464
30333566333065663730653039343233393730616339363262366137323166336630393564643762
33666263633362613530313934393635353464396138386332363936343561373337346236616232
33346132643934326138313164373935636163663662393439343732643337633937613066623132
34373461343136316166393437336661353765383639653366316661633831613063653536393631
30313238303164346664383231626230313431383432663839626634306262353662343332643166
32643039373538366333353732636536333566626539333866663935353736363135666337346564
31393733326364343231336331636632353465653431323938363363353039313761323836333964
30656530306638326465323164343362663261333336333337303636663031613733326438353231
62326235653364353338643863383833313231303032366637663630306562323530633339646566
34386565646136653461313065323064343364646231663265333139353930616534653234313664
63333335396163363563643237316232323433623162386562366266336135333434303338333062
66306236306230336131356336363963643235633934356437313361656331366235346233303835
33626133666161643036333038666436646536356464366535343137326630333039323964333664
38663336346432326162363164633930626561306134633530376337646462616137626462363633
65336661373138623364353264323939353162643263323137326633333264646234623733626639
32356130323032616536633533626365316464633338343435386661346538326331643665386537
32383033663238656636643130366434373963386138373537313339626239626363333265383233
32336434343763633865626661343730363538326638613037326362316537396134313130663564
31633162616465366239353464373938653862313230663733616562313731636337396632623964
33336132663236613134613864353962643833303339363463353763633031306631633034653765
63346536323432623339353363333131643035383939366634343237363536363261356465316162
62613636643038663663396364383432326561393363666633623963393665643066616437353435
32353665363233313239656461626635396162393066313732373061616266363938623333633836
34383434353233336130646430626465363435613438653134386435653632306664
